Input file: "data.txt"
0: true (4, 74) [65, 67, 70, 72, 74, 73] => [65, 67, 70, 72, 73]
1: true (3, 39) [32, 35, 37, 39, 39] => [32, 35, 37, 39]
2: true (6, 43) [28, 31, 34, 35, 38, 39, 43] => [28, 31, 34, 35, 38, 39]
3: true (7, 70) [51, 54, 56, 58, 59, 60, 63, 70] => [51, 54, 56, 58, 59, 60, 63]
4: true (4, 80) [77, 78, 80, 81, 80, 82] => [77, 78, 80, 81, 82]
9: true (2, 27) [24, 25, 27, 27, 28, 29, 31, 32] => [24, 25, 27, 28, 29, 31, 32]
24: true (1, 50) [52, 50, 53, 54, 57, 59, 60] => [52, 53, 54, 57, 59, 60]
49: true (0, 53) [53, 53, 56, 57, 59, 60, 63] => [53, 56, 57, 59, 60, 63]
74: true (0, 54) [54, 58, 61, 64, 66] => [58, 61, 64, 66]
99: true (0, 63) [63, 70, 71, 74, 75, 76, 79, 80] => [70, 71, 74, 75, 76, 79, 80]
104: true (1, 73) [68, 73, 71, 74, 75] => [68, 71, 74, 75]
124: true (5, 43) [48, 46, 44, 43, 42, 43] => [48, 46, 44, 43, 42]
125: true (3, 44) [48, 47, 45, 44, 44] => [48, 47, 45, 44]
126: true (5, 51) [63, 61, 60, 58, 55, 51] => [63, 61, 60, 58, 55]
127: true (7, 20) [39, 36, 35, 32, 30, 29, 27, 20] => [39, 36, 35, 32, 30, 29, 27]
133: true (1, 31) [32, 31, 31, 29, 26] => [32, 31, 29, 26]
148: true (1, 95) [94, 95, 92, 89, 87, 86, 84] => [94, 92, 89, 87, 86, 84]
173: true (0, 17) [17, 17, 16, 14, 11, 8] => [17, 16, 14, 11, 8]
198: true (0, 24) [24, 20, 18, 15, 13, 11] => [20, 18, 15, 13, 11]
223: true (0, 51) [51, 45, 42, 40, 38] => [45, 42, 40, 38]
228: true (1, 90) [95, 90, 93, 91, 88] => [95, 93, 91, 88]
248: true (6, 46) [38, 41, 44, 45, 46, 47, 46] => [38, 41, 44, 45, 46, 47]
249: true (5, 40) [31, 33, 36, 38, 39, 40, 40] => [31, 33, 36, 38, 39, 40]
250: true (7, 27) [10, 11, 12, 15, 18, 21, 23, 27] => [10, 11, 12, 15, 18, 21, 23]
251: true (4, 81) [67, 70, 73, 75, 81] => [67, 70, 73, 75]
255: true (5, 30) [24, 26, 27, 29, 31, 30, 34] => [24, 26, 27, 29, 31, 34]
256: true (3, 68) [66, 68, 71, 68, 73] => [66, 68, 71, 73]
257: true (1, 15) [12, 15, 15, 16, 17, 19] => [12, 15, 16, 17, 19]
287: true (1, 73) [75, 73, 77, 79, 82] => [75, 77, 79, 82]
297: true (0, 55) [55, 55, 58, 60, 63] => [55, 58, 60, 63]
322: true (0, 66) [66, 70, 72, 74, 77, 79, 81, 83] => [70, 72, 74, 77, 79, 81, 83]
347: true (0, 41) [41, 47, 49, 51, 53] => [47, 49, 51, 53]
372: true (7, 8) [14, 13, 12, 11, 10, 7, 5, 8] => [14, 13, 12, 11, 10, 7, 5]
373: true (4, 64) [71, 69, 68, 66, 64, 64] => [71, 69, 68, 66, 64]
374: true (5, 17) [30, 28, 27, 24, 21, 17] => [30, 28, 27, 24, 21]
375: true (7, 37) [55, 54, 51, 48, 46, 45, 44, 37] => [55, 54, 51, 48, 46, 45, 44]
379: true (3, 47) [49, 46, 44, 47, 43] => [49, 46, 44, 43]
381: true (3, 38) [44, 41, 40, 38, 38, 37] => [44, 41, 40, 38, 37]
411: true (1, 60) [58, 60, 56, 55, 53, 52] => [58, 56, 55, 53, 52]
416: true (1, 72) [69, 72, 67, 65, 64, 61, 58] => [69, 67, 65, 64, 61, 58]
421: true (0, 49) [49, 49, 46, 44, 43] => [49, 46, 44, 43]
446: true (0, 50) [50, 46, 44, 41, 39, 38, 37] => [46, 44, 41, 39, 38, 37]
471: true (0, 85) [85, 80, 78, 75, 72, 71, 68] => [80, 78, 75, 72, 71, 68]
476: true (1, 74) [79, 74, 77, 76, 73, 70, 68] => [79, 77, 76, 73, 70, 68]
496: true (6, 36) [30, 31, 32, 35, 36, 39, 36] => [30, 31, 32, 35, 36, 39]
497: true (4, 91) [82, 84, 86, 88, 91, 91] => [82, 84, 86, 88, 91]
498: true (4, 87) [75, 77, 80, 83, 87] => [75, 77, 80, 83]
499: true (5, 92) [76, 79, 82, 84, 87, 92] => [76, 79, 82, 84, 87]
500: true (3, 46) [38, 40, 43, 46, 44, 45, 47] => [38, 40, 43, 44, 45, 47]
505: true (2, 54) [48, 51, 54, 54, 56, 59, 61, 64] => [48, 51, 54, 56, 59, 61, 64]
520: true (1, 51) [52, 51, 53, 55, 57, 58, 59, 61] => [52, 53, 55, 57, 58, 59, 61]
545: true (0, 58) [58, 58, 61, 64, 66, 67, 70] => [58, 61, 64, 66, 67, 70]
570: true (0, 52) [52, 56, 57, 60, 63, 66, 68] => [56, 57, 60, 63, 66, 68]
595: true (0, 32) [32, 39, 41, 44, 45, 48, 50, 51] => [39, 41, 44, 45, 48, 50, 51]
600: true (1, 50) [45, 50, 48, 49, 51, 52, 54] => [45, 48, 49, 51, 52, 54]
620: true (4, 72) [76, 73, 72, 70, 72] => [76, 73, 72, 70]
621: true (5, 44) [55, 52, 49, 48, 45, 44, 44] => [55, 52, 49, 48, 45, 44]
622: true (7, 7) [20, 19, 17, 14, 13, 12, 11, 7] => [20, 19, 17, 14, 13, 12, 11]
623: true (5, 10) [24, 22, 19, 16, 15, 10] => [24, 22, 19, 16, 15]
628: true (4, 17) [23, 21, 18, 15, 17, 12] => [23, 21, 18, 15, 12]
629: true (2, 37) [40, 38, 37, 37, 36, 33] => [40, 38, 37, 36, 33]
635: true (3, 77) [86, 84, 81, 77, 78] => [86, 84, 81, 78]
669: true (0, 34) [34, 34, 32, 30, 29, 27, 26, 24] => [34, 32, 30, 29, 27, 26, 24]
694: true (0, 47) [47, 43, 40, 37, 36, 35, 32, 30] => [43, 40, 37, 36, 35, 32, 30]
719: true (0, 38) [38, 31, 29, 26, 23, 21, 20, 17] => [31, 29, 26, 23, 21, 20, 17]
749: true (4, 74) [75, 74, 72, 71, 74] => [75, 74, 72, 71]
751: true (4, 48) [40, 42, 43, 44, 48] => [40, 42, 43, 44]
757: true (0, 47) [47, 43, 40, 39, 36, 35, 34] => [43, 40, 39, 36, 35, 34]
759: true (2, 32) [37, 34, 32, 32, 31, 29] => [37, 34, 32, 31, 29]
782: true -> [24, 27, 29, 30, 33, 36, 37]
783: true -> [13, 10, 8, 7, 4, 2]
784: true -> [37, 35, 33, 32, 30, 29, 26, 25]
785: true -> [59, 58, 57, 56, 54, 51, 50]
786: true -> [54, 57, 58, 61, 63, 66, 67, 68]
787: true -> [71, 69, 67, 64, 62, 60, 58]
788: true -> [22, 20, 17, 14, 12, 10]
789: true -> [74, 73, 70, 69, 68]
790: true -> [14, 17, 19, 20, 22]
791: true -> [24, 27, 29, 30, 32, 35, 38, 39]
792: true -> [74, 77, 79, 82, 83, 85, 87]
793: true -> [42, 41, 39, 38, 35, 34, 33]
794: true -> [80, 79, 76, 75, 74]
795: true -> [16, 13, 11, 8, 6, 4, 3, 2]
796: true -> [25, 26, 27, 29, 30, 32]
797: true -> [56, 57, 60, 63, 65, 67]
798: true -> [64, 66, 68, 71, 74, 75]
799: true -> [68, 69, 72, 75, 77, 79]
800: true -> [37, 40, 42, 43, 44, 45, 46, 47]
801: true -> [54, 55, 58, 61, 63, 64, 67, 70]
802: true -> [81, 82, 84, 86, 89, 90, 92]
803: true -> [76, 77, 78, 81, 82, 85, 87, 89]
804: true -> [9, 12, 15, 16, 17, 18]
805: true -> [21, 24, 25, 26, 27, 29, 30, 33]
806: true -> [34, 35, 37, 40, 43, 45, 48, 50]
807: true -> [53, 52, 51, 49, 48, 47, 44]
808: true -> [82, 85, 87, 89, 91]
809: true -> [83, 84, 85, 88, 91, 94, 95]
810: true -> [57, 58, 61, 64, 66, 68, 71, 73]
811: true -> [9, 11, 14, 16, 18]
812: true -> [77, 76, 73, 72, 71, 70]
813: true -> [17, 16, 13, 12, 11, 10, 8, 5]
814: true -> [58, 60, 62, 65, 68, 71, 74, 76]
815: true -> [65, 62, 59, 58, 57, 56, 55]
816: true -> [97, 95, 92, 91, 90, 88, 87, 84]
817: true -> [88, 86, 85, 82, 81]
818: true -> [23, 26, 28, 30, 32, 33, 36, 37]
819: true -> [1, 2, 3, 4, 5, 6, 8]
820: true -> [51, 53, 56, 59, 61]
821: true -> [4, 6, 9, 11, 12]
822: true -> [90, 87, 86, 83, 80, 77, 74]
823: true -> [50, 52, 54, 57, 60]
824: true -> [12, 13, 14, 17, 19]
825: true -> [89, 88, 87, 85, 84, 81, 80, 79]
826: true -> [13, 10, 8, 6, 4, 2]
827: true -> [20, 21, 22, 24, 26, 27]
828: true -> [71, 70, 69, 67, 65, 64]
829: true -> [14, 13, 12, 10, 8, 6]
830: true -> [24, 25, 27, 30, 32, 34, 37, 38]
831: true -> [84, 85, 87, 88, 90, 91, 93, 96]
832: true -> [55, 54, 51, 49, 48, 45, 44]
833: true -> [96, 94, 91, 89, 86, 85, 82, 80]
834: true -> [57, 54, 53, 52, 49, 47, 44, 43]
835: true -> [44, 47, 50, 51, 53, 55, 57]
836: true -> [24, 25, 28, 30, 33, 35, 37, 40]
837: true -> [65, 67, 69, 71, 73, 75, 77, 79]
838: true -> [30, 33, 36, 37, 38, 41, 43, 46]
839: true -> [27, 29, 31, 33, 35, 38, 40]
840: true -> [51, 53, 55, 56, 59, 60]
841: true -> [18, 21, 24, 26, 27, 29, 31, 33]
842: true -> [40, 43, 46, 49, 50, 51]
843: true -> [69, 68, 65, 63, 60, 59]
844: true -> [16, 15, 13, 10, 9, 6, 4, 3]
845: true -> [76, 79, 82, 83, 84, 85]
846: true -> [29, 27, 26, 25, 22]
847: true -> [63, 60, 57, 54, 53, 50, 47]
848: true -> [16, 17, 19, 20, 21, 22, 24]
849: true -> [79, 76, 75, 73, 72, 71, 70, 67]
850: true -> [30, 31, 32, 35, 38, 40, 41, 44]
851: true -> [49, 51, 52, 53, 56]
852: true -> [66, 68, 69, 70, 71]
853: true -> [73, 75, 76, 79, 80, 83, 85, 88]
854: true -> [47, 46, 44, 41, 39, 37, 34, 31]
855: true -> [80, 77, 75, 74, 73, 71, 69]
856: true -> [47, 46, 43, 40, 37, 35]
857: true -> [39, 42, 45, 48, 49, 52, 55, 58]
858: true -> [20, 22, 24, 26, 28, 30, 31, 34]
859: true -> [88, 89, 92, 94, 96, 98]
860: true -> [64, 61, 60, 59, 56, 55]
861: true -> [39, 42, 44, 46, 47]
862: true -> [77, 79, 80, 83, 86, 88, 89]
863: true -> [80, 77, 74, 73, 71, 68]
864: true -> [26, 25, 22, 19, 16, 15, 14, 11]
865: true -> [36, 33, 30, 29, 28, 27, 24, 22]
866: true -> [54, 57, 58, 60, 63, 65, 68]
867: true -> [49, 47, 44, 43, 41, 38]
868: true -> [23, 26, 28, 30, 32]
869: true -> [72, 74, 76, 77, 80, 82]
870: true -> [41, 38, 36, 35, 34, 33]
871: true -> [56, 54, 51, 48, 46]
872: true -> [66, 67, 69, 71, 73, 75, 76, 77]
873: true -> [19, 18, 15, 13, 12]
874: true -> [21, 18, 16, 15, 12, 10, 9, 8]
875: true -> [87, 85, 83, 81, 79, 78]
876: true -> [47, 48, 51, 52, 53, 54, 55]
877: true -> [57, 58, 59, 61, 63, 64, 66, 68]
878: true -> [46, 49, 52, 54, 57]
879: true -> [5, 7, 8, 9, 11, 12, 13, 16]
880: true -> [33, 35, 36, 37, 39, 42, 45, 46]
881: true -> [74, 71, 70, 67, 65]
882: true -> [23, 26, 29, 30, 32, 33, 34]
883: true -> [60, 63, 65, 66, 67, 68, 70]
884: true -> [75, 73, 72, 71, 68, 67]
885: true -> [46, 45, 43, 42, 41, 38, 37, 36]
886: true -> [13, 12, 9, 8, 5]
887: true -> [36, 38, 41, 43, 45, 47, 49]
888: true -> [8, 9, 11, 12, 13, 15]
889: true -> [26, 29, 30, 32, 34, 35, 37, 40]
890: true -> [80, 77, 75, 74, 72]
891: true -> [13, 15, 18, 21, 24, 26]
892: true -> [17, 16, 15, 12, 11, 9, 6, 5]
893: true -> [58, 55, 54, 52, 51, 49, 47, 45]
894: true -> [79, 76, 75, 74, 73, 71]
895: true -> [69, 72, 73, 75, 78, 81, 82, 84]
896: true -> [65, 67, 68, 71, 73, 75, 77]
897: true -> [20, 18, 16, 15, 14]
898: true -> [61, 63, 65, 68, 71]
899: true -> [81, 80, 79, 78, 75, 72]
900: true -> [62, 64, 67, 70, 73, 74, 75]
901: true -> [54, 57, 60, 63, 66, 69]
902: true -> [35, 32, 30, 27, 25]
903: true -> [33, 35, 36, 39, 40]
904: true -> [28, 25, 22, 20, 19, 17, 14, 13]
905: true -> [96, 93, 92, 89, 88, 85, 83]
906: true -> [68, 69, 72, 75, 78, 80, 82]
907: true -> [43, 44, 46, 49, 51, 54]
908: true -> [99, 98, 95, 93, 91]
909: true -> [59, 62, 63, 65, 68, 69]
910: true -> [35, 34, 32, 31, 30, 27]
911: true -> [97, 94, 92, 91, 89, 88]
912: true -> [19, 20, 22, 25, 28]
913: true -> [38, 36, 34, 32, 31, 29, 27]
914: true -> [47, 49, 50, 53, 56, 59, 62, 63]
915: true -> [86, 89, 92, 94, 95]
916: true -> [18, 20, 21, 22, 25, 26]
917: true -> [72, 74, 76, 78, 79, 81]
918: true -> [85, 86, 87, 89, 90, 93, 95]
919: true -> [80, 83, 84, 86, 87, 90, 91]
920: true -> [8, 9, 11, 13, 15]
921: true -> [24, 26, 29, 32, 35, 38]
922: true -> [58, 55, 53, 52, 51, 49]
923: true -> [92, 89, 87, 86, 84, 83]
924: true -> [97, 95, 93, 92, 90, 89, 86, 85]
925: true -> [74, 73, 70, 69, 66, 63, 61, 58]
926: true -> [74, 71, 68, 67, 65, 62, 61]
927: true -> [50, 53, 56, 57, 58]
928: true -> [55, 56, 58, 60, 63, 64]
929: true -> [87, 85, 83, 82, 79, 78, 75, 73]
930: true -> [59, 62, 64, 66, 69]
931: true -> [19, 20, 23, 25, 26, 28, 30, 32]
932: true -> [93, 91, 90, 88, 86]
933: true -> [93, 92, 90, 88, 86, 84, 81, 78]
934: true -> [39, 38, 36, 33, 30, 29, 27, 26]
935: true -> [81, 84, 86, 87, 90, 92, 93, 95]
936: true -> [45, 42, 39, 38, 35, 34]
937: true -> [22, 19, 18, 15, 13, 11, 8, 5]
938: true -> [41, 40, 39, 36, 35, 33]
939: true -> [56, 54, 53, 51, 48, 45, 42, 41]
940: true -> [74, 72, 69, 68, 66, 63]
941: true -> [66, 69, 72, 75, 77, 79]
942: true -> [74, 72, 69, 68, 67, 64, 62]
943: true -> [2, 5, 8, 11, 12, 13, 16]
944: true -> [87, 84, 83, 82, 80, 77, 75]
945: true -> [10, 9, 8, 6, 5, 3, 2]
946: true -> [24, 25, 27, 30, 31, 32]
947: true -> [74, 73, 71, 68, 67, 64]
948: true -> [9, 11, 12, 14, 16, 17, 20, 21]
949: true -> [75, 72, 71, 68, 65, 63, 62, 60]
950: true -> [43, 41, 39, 38, 35, 33, 32]
951: true -> [85, 82, 80, 77, 74, 73, 71]
952: true -> [81, 80, 77, 75, 73, 70, 67]
953: true -> [62, 63, 64, 65, 68]
954: true -> [46, 44, 42, 39, 37, 36, 33]
955: true -> [77, 76, 73, 71, 68, 67, 64]
956: true -> [68, 70, 73, 76, 78, 79, 82]
957: true -> [76, 73, 70, 68, 67, 64, 62, 60]
958: true -> [47, 49, 52, 53, 54, 55, 58]
959: true -> [32, 29, 27, 25, 22, 21, 19]
960: true -> [76, 73, 72, 70, 69, 66, 65]
961: true -> [33, 32, 31, 29, 27, 25, 23, 21]
962: true -> [4, 7, 9, 12, 13, 15, 16, 17]
963: true -> [77, 76, 75, 73, 70, 69]
964: true -> [14, 11, 8, 7, 4, 2]
965: true -> [26, 24, 21, 19, 16, 15]
966: true -> [40, 39, 38, 36, 34]
967: true -> [58, 61, 64, 66, 67, 70]
968: true -> [69, 72, 73, 74, 75]
969: true -> [89, 88, 86, 85, 82, 80, 77]
970: true -> [87, 88, 90, 91, 92]
971: true -> [52, 54, 55, 56, 59]
972: true -> [4, 6, 9, 11, 14, 15, 18, 21]
973: true -> [22, 25, 28, 30, 31]
974: true -> [17, 14, 12, 11, 9, 6]
975: true -> [73, 72, 71, 70, 67, 64, 61, 60]
976: true -> [63, 64, 66, 69, 70, 72, 74, 75]
977: true -> [64, 67, 68, 70, 73, 76, 78]
978: true -> [96, 95, 92, 90, 89, 86]
979: true -> [39, 38, 36, 35, 34, 32, 31]
980: true -> [74, 73, 71, 68, 67, 64, 61, 60]
981: true -> [88, 87, 84, 81, 80, 79, 78]
982: true -> [51, 52, 53, 56, 59, 62]
983: true -> [26, 25, 24, 23, 20, 18, 17]
984: true -> [45, 47, 48, 51, 54, 55, 58, 60]
985: true -> [46, 45, 42, 41, 40, 38]
986: true -> [85, 83, 81, 78, 77, 76, 75]
987: true -> [57, 56, 54, 52, 50, 48, 45, 44]
988: true -> [15, 16, 19, 20, 21]
989: true -> [78, 80, 82, 85, 87, 89, 91]
990: true -> [23, 26, 28, 29, 31, 32, 35]
991: true -> [87, 86, 84, 83, 81, 80]
992: true -> [52, 51, 48, 46, 44, 41]
993: true -> [97, 94, 93, 92, 91, 88]
994: true -> [46, 47, 49, 52, 54, 56, 58, 59]
995: true -> [60, 58, 56, 54, 52, 50]
996: true -> [11, 10, 7, 6, 4, 3, 2, 1]
997: true -> [57, 59, 61, 63, 64]
998: true -> [38, 40, 43, 45, 46]
999: true -> [61, 63, 66, 68, 71]
Part II: 287
